23
33
0
0
19
1
1
13
19
1
1
255
35
38
17
0
239
0
0
2
111
0
0
0
0
0
0
0
0
0
0
0
0
0
0
0
0
0
0
0
0
0
0
0
0
0
0
0
19
1
1
255
35
38
129
0
19
4
1
1
183
7
0
16
55
7
0
128
19
7
7
9
35
160
231
0
183
7
0
16
55
7
0
128
19
7
199
9
35
160
231
0
183
7
0
16
55
7
0
128
19
7
199
10
35
160
231
0
183
7
16
17
55
87
0
0
19
7
87
85
35
144
231
0
147
7
0
0
19
133
7
0
3
36
193
0
19
1
1
1
103
128
0
0
103
111
116
111
32
50
48
32
50
48
0
0
99
111
108
111
117
114
32
35
70
70
48
48
48
48
0
0
116
101
120
116
32
34
72
101
108
108
111
32
87
111
114
108
100
33
33
34
32
49
50
0
